256  256  51
 0  1  2  3  4  5  6  7  8  9 10 11 12 13 14 15 16 17 18 19 20 21 22 23
 24 25 26 27 28 29 30 31 32 33 34 35 36 37 38 39 40 41 42 43 44 45 46 47
 48 49 50 51 51 51 51 51 51 51 51 51 51 51 51 51 51 51 51 51 51 51 51 51
 51 51 51 51 51 51 51 51 51 51 51 51 51 51 51 51 51 51 51 51 51 51 51 51
 51 51 51 51 51 51 51 51 51 51 51 51 51 51 51 51 51 51 51 51 51 51 51 51
 51 51 51 51 51 51 51 51 51 51 51 51 51 51 51 51 51 51 51 51 51 51 51 51
 51 51 51 51 51 51 51 51 51 51 51 51 51 51 51 51 51 51 51 51 51 51 51 51
 51 51 51 51 51 51 51 51 51 51 51 51 51 51 51 51 51 51 51 51 51 51 51 51
 51 51 51 51 51 51 51 51 51 51 51 51 51 51 51 51 51 51 51 51 51 51 51 51
 51 51 51 51 51 51 51 51 51 51 51 51 51 51 51 51 51 51 51 51 51 51 51 51
 51 51 51 51 51 51 51 51 51 51 51 51 51 51 51 51 51
 0  1  2  3  4  5  6  7  8  9 10 11 12 13 14 15 16 17 18 19 20 21 22 23
 24 25 26 27 28 29 30 31 32 33 34 35 36 37 38 39 40 41 42 43 44 45 46 47
 48 49 50
1713.27  1642.04  1630.31  1642.04  1630.31  1630.31  1623.65  1687.44
  839.907 1594.2    861.67  1626.3   1624.17   807.372 1624.72  1624.72
 1628.35   790.623 1628.2    580.792 1628.2   1746.78  1598.89  1745.42
 1713.27  1626.38  1626.49  1624.17   554.112 1650.89  1623.99  1669.38
 1713.27  1590.05  1628.35  1628.35   334.839 1713.27  1624.72  1622.91
 1862.48  1626.49  1609.25  1624.17  1745.42  1623.55   806.107 1867.29
 1746.78  1746.78  1642.04 
